        1000       0.000200000000
        1500       0.000166666667
        2250       0.000155555556
        3375       0.000162962963
        5062       0.000187672857
        7593       0.000177795338
       11389       0.000184388445
       17083       0.000184393842
       25624       0.000189275679
       38436       0.000261473618
       57654       0.000309605578
       86481       0.000309894659
      129721       0.000321844574
      194581       0.000312723236
      291871       0.000277862480
      437806       0.000280603738
      656709       0.000306756874
      985063       0.000585190998
     1477594       0.000792064667
     2216391       0.000921024314
     3324586       0.000910143398
     4986879       0.000691955830
     7480318       0.000698666821
    11220477       0.000696739541
    16830715       0.000703686682
    25246072       0.000707983404
    37869108       0.000708598682
    56803662       0.000681685804
    85205493       0.000675933534
