        1000       0.000250000000
        1500       0.000133333333
        2250       0.000111111111
        3375       0.000148148148
        5062       0.000138285263
        7593       0.000158040300
       11389       0.000158047239
       17083       0.000160978751
       25624       0.000136590696
       38436       0.000157404517
       57654       0.000183855413
       86481       0.000196574970
      129721       0.000196961171
      194581       0.000199145857
      291871       0.000190837733
      437806       0.000183186160
      656709       0.000262749559
      985063       0.000346881367
     1477594       0.000668214679
     2216391       0.000914572384
     3324586       0.000937650583
     4986879       0.000963648807
     7480318       0.000692704508
    11220477       0.000654178962
    16830715       0.000688363507
    25246072       0.000685235311
    37869108       0.000690145646
    56803662       0.000670803583
    85205493       0.000667094902
