        1000       0.000300000000
        1500       0.000100000000
        2250       0.000111111111
        3375       0.000133333333
        5062       0.000128407744
        7593       0.000158040300
       11389       0.000158047239
       17083       0.000155124978
       25624       0.000128785514
       38436       0.000154802789
       57654       0.000195996809
       86481       0.000191371515
      129721       0.000191179531
      194581       0.000193749647
      291871       0.000187925488
      437806       0.000182044102
      656709       0.000216001303
      985063       0.000337237314
     1477594       0.000625442442
     2216391       0.000786909891
     3324586       0.000890622171
     4986879       0.001032148564
     7480318       0.000667378045
    11220477       0.000664690993
    16830715       0.000707982400
    25246072       0.000686284979
    37869108       0.000688196828
    56803662       0.000670185665
    85205493       0.000666994556
