        1000       0.000200000000
        1500       0.000100000000
        2250       0.000111111111
        3375       0.000133333333
        5062       0.000128407744
        7593       0.000164625313
       11389       0.000158047239
       17083       0.000160978751
       25624       0.000144395879
       38436       0.000166510563
       57654       0.000183855413
       86481       0.000195996809
      129721       0.000196575728
      194581       0.000200173707
      291871       0.000191865584
      437806       0.000181244661
      656709       0.000220188851
      985063       0.000351601877
     1477594       0.000662563600
     2216391       0.000792414335
     3324586       0.000892381788
     4986879       0.001023445726
     7480318       0.000663822046
    11220477       0.000657596821
    16830715       0.000657565647
    25246072       0.000661627678
    37869108       0.000662798817
    56803662       0.000696962988
    85205493       0.000680570559
