        1000       0.000200000000
        1500       0.000100000000
        2250       0.000088888889
        3375       0.000088888889
        5062       0.000118530225
        7593       0.000111945213
       11389       0.000118535429
       17083       0.000117075455
       25624       0.000136590696
       38436       0.000157404517
       57654       0.000184722656
       86481       0.000196574970
      129721       0.000196575728
      194581       0.000195548383
      291871       0.000193407361
      437806       0.000186954953
      656709       0.000201382957
      985063       0.000316071155
     1477594       0.000712238951
     2216391       0.000786278233
     3324586       0.000967323450
     4986879       0.001034554879
     7480318       0.000718612497
    11220477       0.000684146494
    16830715       0.000695549773
    25246072       0.000698560156
    37869108       0.000696710363
    56803662       0.000699948711
    85205493       0.000694603105
