        1000       0.000250000000
        1500       0.000166666667
        2250       0.000155555556
        3375       0.000162962963
        5062       0.000187672857
        7593       0.000190965363
       11389       0.000193168847
       17083       0.000184393842
       25624       0.000185373088
       38436       0.000219845978
       57654       0.000272314150
       86481       0.000271735988
      129721       0.000271351593
      194581       0.000277262425
      291871       0.000277691172
      437806       0.000298534054
      656709       0.000287113470
      985063       0.000874005013
     1477594       0.000742084768
     2216391       0.000979971494
     3324586       0.001280941447
     4986879       0.000738969203
     7480318       0.000659811521
    11220477       0.000684008354
    16830715       0.000713139638
    25246072       0.000681711991
    37869108       0.000689097298
    56803662       0.000669491168
    85205493       0.000667963977
